勒布朗-詹姆斯 24 10 12 1 1
凯文-乐福 9 17 2 1 1
J.R.史密斯 15 2 1 0 0
凯尔-科沃尔 0 0 0 0 0
维克托-奥拉迪波 32 6 4 4 1
迈尔斯-特纳 16 8 2 0 1
博扬-博格达诺维奇 15 6 1 3 0
兰斯-史蒂芬森 12 5 0 0 0
勒布朗-詹姆斯 46 12 5 2 0
凯文-乐福 15 8 0 0 0
J.R.史密斯 5 0 1 2 1
凯尔-科沃尔 12 3 1 1 0
维克托-奥拉迪波 22 3 6 2 0
迈尔斯-特纳 18 5 0 0 0
博扬-博格达诺维奇 8 3 4 1 0
兰斯-史蒂芬森 10 4 3 0 0
勒布朗-詹姆斯 28 12 8 1 1
凯文-乐福 19 6 1 1 0
J.R.史密斯 8 5 0 4 0
凯尔-科沃尔 0 3 1 2 0
维克托-奥拉迪波 18 6 7 3 0
迈尔斯-特纳 8 10 0 1 0
博扬-博格达诺维奇 30 4 0 0 0
兰斯-史蒂芬森 8 5 1 0 0
勒布朗-詹姆斯 32 13 7 0 2
凯文-乐福 5 11 1 2 1
J.R.史密斯 12 5 0 0 0
凯尔-科沃尔 18 3 1 0 2
维克托-奥拉迪波 17 6 5 0 2
迈尔斯-特纳 17 3 0 1 0
博扬-博格达诺维奇 10 6 2 0 0
兰斯-史蒂芬森 11 2 6 1 1
勒布朗-詹姆斯 44 10 8 1 1
凯文-乐福 11 10 1 0 0
J.R.史密斯 0 2 3 2 0
凯尔-科沃尔 19 6 0 1 0
维克托-奥拉迪波 12 12 4 1 0
迈尔斯-特纳 8 3 0 0 2
博扬-博格达诺维奇 11 1 3 1 0
兰斯-史蒂芬森 12 0 4 0 0